1483290005
1483290030
1483290045
1483290075
1483290165
1483290190
1483290285
1483290485
1483290525
1483290530
1483290535
1483290535
1483290558
1483290560
1483290580
1483290605
1483290605
1483290660
1483290695
1483290820
1483290885
1483290935
1483290948
1483291035
1483291115
1483291115
1483291120
1483291125
1483291145
1483291225
1483291250
1483291291
1483291311
1483291356
1483291426
1483291466
1483291496
1483291501
1483291546
1483291586
1483291611
1483291626
1483291651
1483291696
1483291781
1483291816
1483291851
1483292046
1483292056
1483292076
1483292241
1483292281
1483292301
1483292361
1483292361
1483292366
1483292386
1483292497
1483292557
1483292589
1483292592
1483292607
1483292707
1483292722
1483292732
1483292737
1483292752
1483292797
1483292822
1483292827
1483292907
1483292933
1483292950
1483292982
1483292992
1483292997
1483293022
1483293052
1483293157
1483293157
1483293159
1483293252
1483293287
1483293302
1483293347
1483293367
1483293833
1483293873
1483294043
1483294083
1483294328
1483294358
1483294358
1483294373
1483294393
1483294438
1483294463
1483294478
1483294503
1483294558
1483294588
1483294683
1483294708
1483294713
1483294718
1483294733
1483294753
1483294768
1483294963
1483294978
1483294998
1483295014
1483295044
1483295054
1483295069
1483295079
1483295164
1483295229
1483295389
1483295395
1483295469
1483295474
1483295489
1483295529
1483295609
1483295764
1483295894
1483296094
1483296104
1483296280
1483296300
1483296360
1483296440
1483296510
1483296525
1483296570
1483296720
1483296725
1483296730
1483296775
1483296875
1483296955
1483296965
1483297010
1483297085
1483297100
1483297130
1483297390
1483297511
1483297516
1483297626
1483297786
1483298286
1483298351
1483298446
1483298501
1483298536
1483298577
1483298578
1483298636
1483298752
1483298842
1483298887
1483299092
1483299102
1483299172
1483299217
1483299347
1483299407
1483299537
1483299742
1483300168
1483300233
1483300383
1483300443
1483300583
1483300603
1483300768
1483300923
1483301078
1483301083
1483302575
1483302655
1483302700
1483302760
1483302885
1483302900
1483303165
1483303180
1483303235
1483303395
1483303751
1483303826
1483304361
1483304652
1483305057
1483305142
1483305162
1483305187
1483305287
1483305873
1483305908
1483306013
1483306018
1483306148
1483306473
1483306800
1483307232
1483307289
1483307669
1483307779
1483308033
1483308053
1483308224
1483308244
1483308605
1483308835
1483309025
1483309035
1483309215
1483309511
1483309626
1483309856
1483309986
1483310031
1483310246
1483310677
1483311457
1483311647
1483311678
1483311858
1483312058
1483312253
1483312253
1483312418
1483312433
1483312553
1483312733
1483312848
1483312972
1483313028
1483313193
1483313203
1483313229
1483313279
1483313354
1483313479
1483313509
1483313559
1483313614
1483313649
1483313724
1483313727
1483313729
1483313734
1483314104
1483314129
1483314305
1483314350
1483314420
1483314680
1483314705
1483314750
1483314897
1483314980
1483314995
1483315005
1483315050
1483315075
1483315153
1483315205
1483315215
1483315240
1483315335
1483315365
1483315395
1483315425
1483315495
1483315566
1483315596
1483315681
1483315861
1483315865
1483316031
1483316096
1483316101
1483316116
1483316166
1483316256
1483316346
1483316506
1483316576
1483316722
1483316737
1483316792
1483316907
1483316927
1483316937
1483316957
1483316957
1483317011
1483317017
1483317027
1483317067
1483317077
1483317137
1483317178
1483317247
1483317252
1483317277
1483317282
1483317417
1483317437
1483317462
1483317472
1483317497
1483317497
1483317527
1483317572
1483317577
1483317597
1483317637
1483317644
1483317667
1483317757
1483317797
1483317812
1483317937
1483317962
1483317967
1483318028
1483318033
1483318214
1483318228
1483318238
1483318268
1483318270
1483318348
1483318348
1483318353
1483318533
1483318708
1483318758
1483318813
1483318938
1483318973
1483318978
1483318978
1483319047
1483319173
1483319198
1483319253
1483319279
1483319325
1483319354
1483319376
1483319554
1483319569
1483319574
1483319604
1483319639
1483319709
1483319709
1483319804
1483319869
1483319879
1483319944
1483319969
1483319994
1483320039
1483320074
1483320084
1483320179
1483320194
1483320194
1483320289
1483320301
1483320304
1483320313
1483320324
1483320329
1483320364
1483320384
1483320394
1483320419
1483320424
1483320454
1483320504
1483320524
1483320600
1483320645
1483320650
1483320680
1483320709
1483320711
1483320720
1483320805
1483320815
1483320850
1483320850
1483320886
1483320890
1483320900
1483320955
1483320955
1483321000
1483321015
1483321060
1483321085
1483321100
1483321105
1483321125
1483321130
1483321130
1483321130
1483321140
1483321180
1483321180
1483321180
1483321225
1483321235
1483321335
1483321340
1483321370
1483321370
1483321375
1483321485
1483321575
1483321625
1483321625
1483321645
1483321665
1483321670
1483321670
1483321685
1483321700
1483321700
1483321770
1483321770
1483321800
1483321815
1483321910
1483321910
1483321915
1483321941
1483321971
1483321991
1483322001
1483322006
1483322046
1483322106
1483322116
1483322116
1483322116
1483322142
1483322152
1483322191
1483322191
1483322256
1483322276
1483322296
1483322301
1483322306
1483322321
1483322366
1483322366
1483322371
1483322381
1483322446
1483322451
1483322516
1483322536
1483322571
1483322586
1483322586
1483322596
1483322641
1483322676
1483322691
1483322696
1483322731
1483322741
1483322756
1483322766
1483322781
1483322791
1483322851
1483322866
1483322891
1483322896
1483322911
1483322976
1483322981
1483322991
1483322996
1483323046
1483323071
1483323071
1483323111
1483323171
1483323191
1483323211
1483323216
1483323216
1483323241
1483323311
1483323352
1483323357
1483323357
1483323387
1483323422
1483323432
1483323442
1483323447
1483323452
1483323467
1483323467
1483323477
1483323507
1483323547
1483323562
1483323562
1483323582
1483323582
1483323602
1483323622
1483323637
1483323657
1483323677
1483323677
1483323697
1483323712
1483323737
1483323762
1483323772
1483323777
1483323787
1483323812
1483323812
1483323812
1483323817
1483323862
1483323872
1483323877
1483323902
1483323917
1483323927
1483323942
1483323947
1483323952
1483323969
1483323972
1483323977
1483323977
1483323987
1483323987
1483324002
1483324067
1483324067
1483324067
1483324122
1483324137
1483324147
1483324152
1483324157
1483324197
1483324212
1483324225
1483324287
1483324297
1483324302
1483324312
1483324342
1483324352
1483324382
1483324387
1483324392
1483324397
1483324407
1483324429
1483324432
1483324467
1483324482
1483324482
1483324522
1483324527
1483324537
1483324557
1483324587
1483324627
1483324637
1483324647
1483324662
1483324679
1483324689
1483324713
1483324713
1483324718
1483324723
1483324758
1483324783
1483324793
1483324798
1483324798
1483324813
1483324883
1483324943
1483324953
1483325013
1483325013
1483325033
1483325053
1483325078
1483325088
1483325098
1483325098
1483325128
1483325129
1483325158
1483325208
1483325213
1483325213
1483325223
1483325233
1483325253
1483325288
1483325303
1483325338
1483325363
1483325373
1483325398
1483325408
1483325423
1483325443
1483325443
1483325453
1483325453
1483325468
1483325533
1483325553
1483325573
1483325578
1483325583
1483325588
1483325593
1483325608
1483325613
1483325613
1483325628
1483325658
1483325658
1483325723
1483325733
1483325733
1483325743
1483325758
1483325773
1483325773
1483325778
1483325838
1483325858
1483325908
1483325923
1483325943
1483325953
1483325968
1483325968
1483325968
1483325993
1483326008
1483326013
1483326031
1483326099
1483326124
1483326124
1483326139
1483326154
1483326179
1483326189
1483326189
1483326194
1483326216
1483326234
1483326234
1483326244
1483326284
1483326303
1483326334
1483326334
1483326354
1483326374
1483326384
1483326389
1483326404
1483326424
1483326444
1483326484
1483326489
1483326494
1483326494
1483326524
1483326574
1483326609
1483326614
1483326614
1483326629
1483326639
1483326654
1483326659
1483326699
1483326704
1483326709
1483326714
1483326724
1483326734
1483326753
1483326754
1483326756
1483326759
1483326769
1483326789
1483326794
1483326804
1483326804
1483326814
1483326829
1483326829
1483326829
1483326834
1483326894
1483326909
1483326914
1483326924
1483326929
1483326929
1483326929
1483326944
1483326954
1483326969
1483326969
1483327009
1483327069
1483327079
1483327129
1483327144
1483327154
1483327169
1483327189
1483327189
1483327224
1483327239
1483327239
1483327259
1483327289
1483327294
1483327304
1483327324
1483327324
1483327344
1483327369
1483327369
1483327379
1483327394
1483327409
1483327474
1483327514
1483327519
1483327519
1483327533
1483327565
1483327565
1483327600
1483327610
1483327630
1483327650
1483327660
1483327660
1483327720
1483327735
1483327748
1483327760
1483327770
1483327805
1483327830
1483327835
1483327845
1483327860
1483327875
1483327885
1483327895
1483327900
1483327910
1483327925
1483327935
1483327950
1483327980
1483327990
1483328000
1483328000
1483328015
1483328055
1483328055
1483328065
1483328070
1483328105
1483328138
1483328160
1483328160
1483328170
1483328220
1483328235
1483328240
1483328270
1483328300
1483328315
1483328335
1483328365
1483328375
1483328400
1483328420
1483328430
1483328435
1483328435
1483328465
1483328470
1483328490
1483328550
1483328550
1483328560
1483328565
1483328580
1483328650
1483328685
1483328705
1483328707
1483328725
1483328745
1483328750
1483328765
1483328770
1483328780
1483328800
1483328810
1483328855
1483328870
1483328925
1483329001
1483329010
1483329016
1483329021
1483329022
1483329024
1483329031
1483329036
1483329051
1483329056
1483329126
1483329141
1483329171
1483329186
1483329191
1483329216
1483329221
1483329231
1483329236
1483329241
1483329271
1483329286
1483329296
1483329301
1483329306
1483329336
1483329356
1483329361
1483329361
1483329381
1483329401
1483329401
1483329421
1483329456
1483329471
1483329476
1483329481
1483329486
1483329496
1483329506
1483329531
1483329546
1483329551
1483329556
1483329561
1483329566
1483329596
1483329596
1483329601
1483329611
1483329631
1483329651
1483329666
1483329686
1483329691
1483329696
1483329696
1483329700
1483329716
1483329726
1483329756
1483329831
1483329856
1483329876
1483329881
1483329891
1483329896
1483329926
1483329941
1483329951
1483329955
1483329971
1483330096
1483330096
1483330131
1483330171
1483330176
1483330206
1483330221
1483330246
1483330256
1483330281
1483330346
1483330371
1483330381
1483330396
1483330401
1483330421
1483330436
1483330441
1483330477
1483330482
1483330507
1483330508
1483330512
1483330512
1483330552
1483330557
1483330582
1483330607
1483330642
1483330672
1483330672
1483330687
1483330692
1483330722
1483330737
1483330742
1483330752
1483330777
1483330792
1483330812
1483330827
1483330827
1483330832
1483330867
1483330877
1483330881
1483330897
1483330897
1483330912
1483330952
1483330962
1483330995
1483330996
1483331042
1483331047
1483331062
1483331072
1483331097
1483331117
1483331117
1483331142
1483331142
1483331167
1483331187
1483331209
1483331212
1483331212
1483331227
1483331232
1483331247
1483331247
1483331262
1483331277
1483331327
1483331337
1483331352
1483331352
1483331387
1483331402
1483331473
1483331478
1483331482
1483331487
1483331492
1483331527
1483331532
1483331557
1483331577
1483331592
1483331602
1483331617
1483331627
1483331637
1483331652
1483331717
1483331722
1483331732
1483331742
1483331757
1483331772
1483331787
1483331807
1483331812
1483331827
1483331827
1483331900
1483331908
1483331928
1483331953
1483331953
1483332013
1483332048
1483332058
1483332062
1483332063
1483332068
1483332078
1483332098
1483332123
1483332173
1483332183
1483332194
1483332203
1483332228
1483332233
1483332258
1483332293
1483332318
1483332323
1483332348
1483332353
1483332353
1483332408
1483332463
1483332473
1483332483
1483332503
1483332508
1483332523
1483332523
1483332548
1483332548
1483332557
1483332563
1483332568
1483332588
1483332598
1483332654
1483332658
1483332668
1483332678
1483332683
1483332688
1483332691
1483332713
1483332778
1483332798
1483332813
1483332833
1483332913
1483332923
1483332963
1483332983
1483333003
1483333013
1483333013
1483333023
1483333028
1483333043
1483333043
1483333053
1483333093
1483333163
1483333178
1483333213
1483333222
1483333223
1483333233
1483333238
1483333243
1483333266
1483333273
1483333278
1483333298
1483333313
1483333313
1483333329
1483333334
1483333334
1483333344
1483333361
1483333364
1483333369
1483333374
1483333384
1483333394
1483333403
1483333424
1483333434
1483333464
1483333479
1483333494
1483333514
1483333529
1483333529
1483333542
1483333564
1483333574
1483333599
1483333609
1483333609
1483333659
1483333709
1483333714
1483333719
1483333724
1483333744
1483333749
1483333759
1483333779
1483333785
1483333786
1483333824
1483333824
1483333829
1483333849
1483333859
1483333864
1483333869
1483333934
1483333944
1483333944
1483333946
1483333959
1483333959
1483333964
1483333974
1483333984
1483333989
1483334009
1483334009
1483334034
1483334064
1483334069
1483334079
1483334104
1483334114
1483334129
1483334164
1483334189
1483334199
1483334254
1483334254
1483334309
1483334324
1483334329
1483334330
1483334359
1483334384
1483334454
1483334484
1483334494
1483334494
1483334495
1483334509
1483334513
1483334524
1483334524
1483334539
1483334544
1483334564
1483334584
1483334594
1483334609
1483334634
1483334644
1483334659
1483334664
1483334679
1483334719
1483334724
1483334770
1483334780
1483334810
1483334820
1483334820
1483334825
1483334825
1483334825
1483334845
1483334850
1483334870
1483334880
1483334885
1483334900
1483334915
1483334930
1483334945
1483334970
1483334980
1483334985
1483334995
1483335000
1483335020
1483335025
1483335035
1483335035
1483335045
1483335045
1483335050
1483335059
1483335070
1483335080
1483335085
1483335085
1483335090
1483335130
1483335130
1483335135
1483335165
1483335205
1483335220
1483335230
1483335235
1483335240
1483335250
1483335293
1483335345
1483335345
1483335360
1483335365
1483335375
1483335380
1483335380
1483335385
1483335415
1483335500
1483335530
1483335530
1483335545
1483335545
1483335555
1483335560
1483335590
1483335625
1483335630
1483335635
1483335687
1483335695
1483335696
1483335725
1483335730
1483335745
1483335750
1483335750
1483335765
1483335770
1483335785
1483335805
1483335815
1483335865
1483335870
1483335870
1483335915
1483335925
1483335960
1483335980
1483335985
1483336015
1483336021
1483336025
1483336035
1483336050
1483336065
1483336075
1483336080
1483336095
1483336100
1483336110
1483336110
1483336110
1483336110
1483336115
1483336120
1483336130
1483336130
1483336150
1483336155
1483336165
1483336170
1483336175
1483336180
1483336180
1483336195
1483336225
1483336245
1483336260
1483336270
1483336276
1483336276
1483336301
1483336316
1483336341
1483336346
1483336351
1483336356
1483336366
1483336381
1483336401
1483336411
1483336421
1483336431
1483336431
1483336431
1483336446
1483336451
1483336456
1483336466
1483336491
1483336516
1483336521
1483336526
1483336546
1483336561
1483336576
1483336616
1483336616
1483336626
1483336626
1483336641
1483336646
1483336666
1483336671
1483336681
1483336686
1483336691
1483336696
1483336715
1483336716
1483336720
1483336726
1483336731
1483336731
1483336731
1483336751
1483336771
1483336771
1483336806
1483336851
1483336856
1483336861
1483336896
1483336906
1483336961
1483336986
1483337001
1483337001
1483337006
1483337016
1483337026
1483337036
1483337041
1483337051
1483337076
1483337081
1483337096
1483337096
1483337121
1483337161
1483337165
1483337181
1483337191
1483337206
1483337266
1483337291
1483337299
1483337301
1483337326
1483337331
1483337351
1483337386
1483337391
1483337391
1483337431
1483337456
1483337461
1483337471
1483337481
1483337481
1483337491
1483337501
1483337521
1483337536
1483337536
1483337566
1483337586
1483337591
1483337626
1483337631
1483337676
1483337691
1483337691
1483337696
1483337701
1483337710
1483337711
1483337721
1483337723
1483337741
1483337756
1483337766
1483337771
1483337776
1483337801
1483337822
1483337842
1483337842
1483337847
1483337867
1483337897
1483337897
1483337902
1483337907
1483337967
1483337967
1483338002
1483338037
1483338057
1483338112
1483338127
1483338142
1483338162
1483338177
1483338202
1483338202
1483338207
1483338232
1483338237
1483338237
1483338272
1483338297
1483338302
1483338317
1483338367
1483338382
1483338387
1483338407
1483338417
1483338432
1483338447
1483338477
1483338482
1483338487
1483338487
1483338507
1483338517
1483338517
1483338522
1483338522
1483338527
1483338532
1483338552
1483338562
1483338572
1483338577
1483338577
1483338602
1483338612
1483338627
1483338632
1483338667
1483338682
1483338687
1483338722
1483338728
1483338732
1483338737
1483338742
1483338747
1483338762
1483338807
1483338827
1483338857
1483338862
1483338882
1483338887
1483338898
1483338902
1483338907
1483338907
1483338937
1483338947
1483338967
1483338967
1483338967
1483338982
1483338987
1483339007
1483339012
1483339017
1483339062
1483339077
1483339082
1483339102
1483339107
1483339132
1483339167
1483339167
1483339177
1483339182
1483339192
1483339233
1483339238
1483339263
1483339313
1483339378
1483339383
1483339388
1483339393
1483339398
1483339403
1483339413
1483339443
1483339448
1483339453
1483339453
1483339478
1483339488
1483339508
1483339513
1483339543
1483339558
1483339648
1483339648
1483339658
1483339663
1483339701
1483339708
1483339733
1483339738
1483339768
1483339788
1483339803
1483339868
1483339888
1483339908
1483339908
1483339913
1483339946
1483340093
1483340123
1483340143
1483340153
1483340163
1483340183
1483340193
1483340203
1483340258
1483340263
1483340263
1483340268
1483340268
1483340273
1483340283
1483340283
1483340303
1483340338
1483340348
1483340373
1483340378
1483340383
1483340398
1483340403
1483340423
1483340448
1483340458
1483340466
1483340483
1483340488
1483340488
1483340513
1483340528
1483340528
1483340533
1483340538
1483340553
1483340563
1483340568
1483340573
1483340593
1483340613
1483340643
1483340694
1483340699
1483340724
1483340724
1483340734
1483340744
1483340794
1483340819
1483340829
1483340839
1483340844
1483340849
1483340864
1483340869
1483340894
1483340894
1483340904
1483340909
1483340909
1483340949
1483340952
1483340964
1483340969
1483340979
1483340989
1483340994
1483341004
1483341009
1483341029
1483341069
1483341079
1483341079
1483341164
1483341214
1483341214
1483341239
1483341244
1483341299
1483341304
1483341324
1483341329
1483341344
1483341359
1483341394
1483341424
1483341449
1483341466
1483341504
1483341504
1483341504
1483341514
1483341517
1483341519
1483341519
1483341589
1483341599
1483341629
1483341629
1483341629
1483341664
1483341669
1483341670
1483341684
1483341699
1483341699
1483341706
1483341719
1483341744
1483341749
1483341753
1483341759
1483341779
1483341851
1483341874
1483341889
1483341914
1483341919
1483341979
1483341984
1483341984
1483341984
1483341989
1483341994
1483342004
1483342031
1483342034
1483342064
1483342069
1483342084
1483342104
1483342165
1483342180
1483342210
1483342215
1483342225
1483342240
1483342245
1483342245
1483342250
1483342265
1483342270
1483342280
1483342320
1483342330
1483342335
1483342345
1483342360
1483342380
1483342385
1483342390
1483342401
1483342415
1483342420
1483342453
1483342465
1483342485
1483342490
1483342490
1483342515
1483342535
1483342550
1483342560
1483342565
1483342565
1483342600
1483342600
1483342625
1483342630
1483342640
1483342645
1483342670
1483342695
1483342729
1483342730
1483342735
1483342755
1483342770
1483342780
1483342805
1483342805
1483342815
1483342830
1483342900
1483342900
1483342915
1483342935
1483342940
1483342945
1483342950
1483342951
1483342960
1483342980
1483342980
1483343010
1483343010
1483343025
1483343025
1483343035
1483343060
1483343070
1483343070
1483343070
1483343075
1483343130
1483343135
1483343140
1483343145
1483343175
1483343210
1483343215
1483343225
1483343260
1483343270
1483343320
1483343340
1483343350
1483343353
1483343360
1483343370
1483343430
1483343435
1483343475
1483343475
1483343480
1483343515
1483343536
1483343538
1483343540
1483343550
1483343555
1483343590
1483343615
1483343621
1483343646
1483343671
1483343676
1483343681
1483343681
1483343731
1483343766
1483343771
1483343796
1483343811
1483343831
1483343836
1483343876
1483343881
1483343891
1483343906
1483343926
1483343946
1483343951
1483343966
1483343996
1483344001
1483344011
1483344031
1483344031
1483344036
1483344041
1483344071
1483344071
1483344076
1483344156
1483344161
1483344186
1483344206
1483344236
1483344246
1483344256
1483344256
1483344311
1483344311
1483344326
1483344386
1483344396
1483344431
1483344441
1483344461
1483344471
1483344476
1483344476
1483344491
1483344501
1483344531
1483344536
1483344541
1483344551
1483344551
1483344571
1483344576
1483344591
1483344611
1483344616
1483344631
1483344641
1483344641
1483344646
1483344651
1483344661
1483344666
1483344681
1483344691
1483344696
1483344696
1483344701
1483344708
1483344731
1483344731
1483344742
1483344746
1483344756
1483344776
1483344781
1483344786
1483344816
1483344826
1483344836
1483344856
1483344861
1483344887
1483344906
1483344911
1483344911
1483344926
1483344941
1483344941
1483344961
1483345011
1483345026
1483345036
1483345036
1483345081
1483345097
1483345122
1483345142
1483345152
1483345157
1483345157
1483345162
1483345167
1483345177
1483345217
1483345217
1483345247
1483345267
1483345317
1483345337
1483345342
1483345357
1483345387
1483345422
1483345442
1483345452
1483345452
1483345467
1483345467
1483345477
1483345482
1483345497
1483345497
1483345512
1483345532
1483345571
1483345577
1483345592
1483345612
1483345627
1483345632
1483345637
1483345642
1483345687
1483345757
1483345757
1483345762
1483345762
1483345782
1483345787
1483345787
1483345792
1483345792
1483345802
1483345810
1483345812
1483345817
1483345822
1483345837
1483345852
1483345882
1483345887
1483345891
1483345892
1483345928
1483345972
1483346027
1483346052
1483346057
1483346065
1483346067
1483346087
1483346092
1483346167
1483346182
1483346206
1483346217
1483346252
1483346262
1483346292
1483346307
1483346322
1483346332
1483346332
1483346342
1483346342
1483346364
1483346372
1483346502
1483346542
1483346542
1483346542
1483346562
1483346567
1483346572
1483346572
1483346572
1483346575
1483346577
1483346577
1483346603
1483346618
1483346623
1483346633
1483346643
1483346661
1483346663
1483346688
1483346713
1483346738
1483346753
1483346768
1483346768
1483346808
1483346823
1483346863
1483346895
1483346923
1483346948
1483346973
1483346978
1483346993
1483346998
1483347003
1483347053
1483347068
1483347068
1483347073
1483347093
1483347123
1483347159
1483347168
1483347168
1483347168
1483347173
1483347178
1483347208
1483347233
1483347288
1483347298
1483347328
1483347328
1483347353
1483347353
1483347353
1483347373
1483347373
1483347383
1483347388
1483347423
1483347473
1483347498
1483347513
1483347518
1483347528
1483347533
1483347553
1483347553
1483347588
1483347598
1483347608
1483347613
1483347638
1483347653
1483347678
1483347688
1483347693
1483347703
1483347728
1483347738
1483347753
1483347773
1483347773
1483347798
1483347798
1483347803
1483347843
1483347843
1483347858
1483347868
1483347873
1483347883
1483347903
1483347908
1483347908
1483347913
1483347928
1483347946
1483347963
1483348005
1483348008
1483348023
1483348028
1483348039
1483348059
1483348074
1483348114
1483348124
1483348164
1483348179
1483348219
1483348224
1483348234
1483348254
1483348279
1483348284
1483348334
1483348339
1483348339
1483348344
1483348379
1483348399
1483348429
1483348449
1483348464
1483348464
1483348494
1483348514
1483348524
1483348538
1483348549
1483348549
1483348589
1483348594
1483348624
1483348644
1483348654
1483348664
1483348664
1483348704
1483348719
1483348774
1483348794
1483348794
1483348799
1483348799
1483348814
1483348909
1483348919
1483348924
1483348949
1483348949
1483348959
1483348964
1483349009
1483349014
1483349039
1483349039
1483349054
1483349079
1483349079
1483349084
1483349129
1483349164
1483349189
1483349234
1483349254
1483349269
1483349284
1483349294
1483349294
1483349295
1483349334
1483349370
1483349435
1483349450
1483349540
1483349550
1483349605
1483349605
1483349620
1483349625
1483349625
1483349630
1483349697
1483349740
1483349745
1483349750
1483349770
1483349775
1483349795
1483349807
1483349810
1483349810
1483349830
1483349865
1483349895
1483349896
1483349896
1483349970
1483349980
1483349980
1483349990
1483350010
1483350020
1483350020
1483350045
1483350055
1483350055
1483350070
1483350075
1483350110
1483350115
1483350125
1483350155
1483350160
1483350185
1483350190
1483350215
1483350250
1483350255
1483350285
1483350337
1483350340
1483350345
1483350350
1483350375
1483350390
1483350395
1483350415
1483350420
1483350440
1483350440
1483350485
1483350505
1483350510
1483350540
1483350545
1483350550
1483350554
1483350560
1483350575
1483350580
1483350620
1483350640
1483350650
1483350690
1483350690
1483350690
1483350710
1483350785
1483350805
1483350805
1483350815
1483350830
1483350855
1483350860
1483350870
1483350876
1483350881
1483350886
1483350916
1483350946
1483350951
1483350971
1483351021
1483351055
1483351096
1483351111
1483351116
1483351116
1483351141
1483351151
1483351156
1483351166
1483351171
1483351186
1483351201
1483351236
1483351241
1483351256
1483351271
1483351286
1483351296
1483351321
1483351336
1483351376
1483351386
1483351441
1483351441
1483351471
1483351491
1483351511
1483351531
1483351531
1483351546
1483351561
1483351566
1483351571
1483351571
1483351641
1483351646
1483351696
1483351701
1483351711
1483351711
1483351716
1483351746
1483351746
1483351761
1483351771
1483351826
1483351846
1483351851
1483351856
1483351916
1483351936
1483351976
1483351976
1483351981
1483352031
1483352071
1483352171
1483352307
1483352312
1483352347
1483352357
1483352357
1483352377
1483352382
1483352407
1483352417
1483352434
1483352442
1483352447
1483352447
1483352457
1483352482
1483352497
1483352497
1483352517
1483352537
1483352552
1483352562
1483352602
1483352632
1483352642
1483352662
1483352672
1483352687
1483352697
1483352737
1483352742
1483352746
1483352747
1483352762
1483352790
1483352812
1483352812
1483352842
1483352842
1483352842
1483352857
1483352862
1483352862
1483352867
1483352872
1483352877
1483352932
1483352967
1483352992
1483353017
1483353027
1483353112
1483353172
1483353192
1483353202
1483353207
1483353217
1483353217
1483353252
1483353262
1483353262
1483353282
1483353292
1483353342
1483353357
1483353372
1483353387
1483353417
1483353427
1483353427
1483353432
1483353432
1483353432
1483353442
1483353477
1483353482
1483353537
1483353552
1483353597
1483353605
1483353647
1483353672
1483353677
1483353708
1483353728
1483353738
1483353793
1483353828
1483353893
1483353943
1483353958
1483353983
1483353998
1483354008
1483354087
1483354193
1483354203
1483354233
1483354238
1483354253
1483354253
1483354278
1483354288
1483354303
1483354358
1483354378
1483354393
1483354453
1483354493
1483354523
1483354528
1483354548
1483354568
1483354583
1483354593
1483354608
1483354633
1483354638
1483354703
1483354713
1483354748
1483354778
1483354783
1483354833
1483354838
1483354858
1483354863
1483354893
1483354913
1483354933
1483354963
1483354968
1483354973
1483354978
1483355003
1483355008
1483355018
1483355028
1483355059
1483355083
1483355110
1483355137
1483355149
1483355159
1483355177
1483355177
1483355190
1483355249
1483355264
1483355264
1483355304
1483355334
1483355354
1483355354
1483355359
1483355379
1483355389
1483355404
1483355419
1483355424
1483355459
1483355464
1483355499
1483355509
1483355574
1483355614
1483355629
1483355654
1483355679
1483355684
1483355704
1483355704
1483355714
1483355719
1483355744
1483355749
1483355759
1483355764
1483355844
1483355854
1483355854
1483355859
1483355874
1483355874
1483355874
1483355884
1483355884
1483355889
1483355904
1483355932
1483355944
1483355954
1483355959
1483355994
1483356064
1483356104
1483356144
1483356169
1483356194
1483356239
1483356244
1483356299
1483356319
1483356379
1483356379
1483356439
1483356449
1483356474
1483356499
1483356509
1483356519
1483356534
1483356534
1483356554
1483356559
1483356569
1483356579
1483356599
1483356620
1483356700
1483356710
1483356735
1483356750
1483356760
1483356790
1483356805
1483356820
1483356830
1483356835
1483356855
1483356855
1483356870
1483356880
1483356890
1483356890
1483356900
1483356975
1483356985
1483356990
1483356990
1483356995
1483356995
1483357000
1483357010
1483357035
1483357060
1483357070
1483357070
1483357090
1483357100
1483357105
1483357130
1483357135
1483357140
1483357170
1483357177
1483357185
1483357195
1483357205
1483357205
1483357220
1483357225
1483357250
1483357255
1483357340
1483357340
1483357342
1483357350
1483357367
1483357385
1483357425
1483357460
1483357465
1483357495
1483357530
1483357535
1483357555
1483357570
1483357590
1483357600
1483357600
1483357630
1483357635
1483357635
1483357650
1483357670
1483357675
1483357675
1483357720
1483357735
1483357769
1483357770
1483357775
1483357805
1483357825
1483357825
1483357865
1483357885
1483357940
1483357947
1483357949
1483357950
1483357965
1483357975
1483358005
1483358070
1483358080
1483358111
1483358141
1483358156
1483358201
1483358211
1483358241
1483358261
1483358286
1483358311
1483358311
1483358331
1483358346
1483358356
1483358371
1483358371
1483358396
1483358406
1483358446
1483358454
1483358496
1483358501
1483358546
1483358590
1483358591
1483358595
1483358601
1483358606
1483358611
1483358646
1483358646
1483358661
1483358696
1483358741
1483358761
1483358776
1483358776
1483358791
1483358801
1483358801
1483358831
1483358856
1483358878
1483358921
1483358946
1483358956
1483359016
1483359026
1483359027
1483359056
1483359061
1483359061
1483359071
1483359071
1483359076
1483359082
1483359091
1483359091
1483359106
1483359123
1483359125
1483359146
1483359146
1483359156
1483359166
1483359176
1483359181
1483359241
1483359261
1483359286
1483359299
1483359301
1483359311
1483359326
1483359351
1483359376
1483359381
1483359396
1483359421
1483359436
1483359456
1483359466
1483359471
1483359481
1483359491
1483359496
1483359517
1483359557
1483359562
1483359572
1483359597
1483359607
1483359637
1483359637
1483359652
1483359672
1483359682
1483359702
1483359707
1483359722
1483359727
1483359732
1483359737
1483359747
1483359752
1483359782
1483359792
1483359872
1483359882
1483359892
1483359907
1483359932
1483359932
1483359952
1483359967
1483359997
1483360032
1483360037
1483360067
1483360107
1483360142
1483360147
1483360257
1483360257
1483360307
1483360315
1483360367
1483360392
1483360397
1483360427
1483360432
1483360464
1483360468
1483360482
1483360487
1483360487
1483360492
1483360547
1483360562
1483360567
1483360572
1483360597
1483360600
1483360602
1483360602
1483360607
1483360607
1483360627
1483360627
1483360682
1483360683
1483360702
1483360707
1483360772
1483360782
1483360797
1483360812
1483360812
1483360817
1483360822
1483360842
1483360857
1483360857
1483360862
1483360865
1483360872
1483360882
1483360898
1483360923
1483360928
1483360943
1483360958
1483360973
1483360993
1483361018
1483361018
1483361018
1483361068
1483361103
1483361103
1483361118
1483361143
1483361143
1483361178
1483361178
1483361183
1483361203
1483361236
1483361253
1483361263
1483361263
1483361268
1483361278
1483361278
1483361283
1483361298
1483361313
1483361313
1483361333
1483361358
1483361398
1483361408
1483361418
1483361433
1483361433
1483361448
1483361468
1483361478
1483361511
1483361513
1483361523
1483361568
1483361628
1483361633
1483361668
1483361668
1483361698
1483361748
1483361798
1483361803
1483361813
1483361828
1483361828
1483361848
1483361863
1483361868
1483361903
1483361918
1483361928
1483361943
1483361953
1483361973
1483361983
1483362004
1483362043
1483362043
1483362048
1483362053
1483362073
1483362073
1483362088
1483362105
1483362113
1483362123
1483362128
1483362148
1483362148
1483362153
1483362193
1483362193
1483362198
1483362238
1483362253
1483362258
1483362273
1483362303
1483362323
1483362348
1483362358
1483362358
1483362394
1483362404
1483362404
1483362416
1483362439
1483362459
1483362519
1483362519
1483362534
1483362539
1483362559
1483362579
1483362579
1483362604
1483362629
1483362629
1483362634
1483362639
1483362654
1483362659
1483362669
1483362724
1483362739
1483362739
1483362744
1483362764
1483362774
1483362774
1483362794
1483362809
1483362829
1483362854
1483362889
1483362914
1483362944
1483362954
1483362954
1483362954
1483363004
1483363029
1483363029
1483363039
1483363064
1483363099
1483363109
1483363109
1483363114
1483363139
1483363194
1483363199
1483363229
1483363234
1483363254
1483363259
1483363274
1483363279
1483363294
1483363304
1483363324
1483363329
1483363339
1483363355
1483363359
1483363374
1483363454
1483363464
1483363469
1483363469
1483363479
1483363484
1483363489
1483363494
1483363509
1483363529
1483363534
1483363544
1483363554
1483363559
1483363579
1483363604
1483363614
1483363614
1483363629
1483363644
1483363657
1483363662
1483363674
1483363679
1483363684
1483363689
1483363704
1483363714
1483363714
1483363724
1483363724
1483363759
1483363779
1483363789
1483363809
1483363834
1483363854
1483363859
1483363864
1483363864
1483363874
1483363876
1483363884
1483363900
1483363926
1483363985
1483363995
1483364000
1483364085
1483364100
1483364110
1483364125
1483364135
1483364155
1483364165
1483364210
1483364220
1483364260
1483364315
1483364320
1483364340
1483364360
1483364400
1483364410
1483364450
1483364460
1483364485
1483364490
1483364495
1483364505
1483364530
1483364535
1483364540
1483364550
1483364555
1483364560
1483364580
1483364585
1483364615
1483364615
1483364625
1483364630
1483364630
1483364630
1483364660
1483364680
1483364690
1483364715
1483364740
1483364780
1483364795
1483364800
1483364805
1483364875
1483364880
1483364905
1483364930
1483364945
1483364955
1483364959
1483364970
1483364980
1483365020
1483365030
1483365105
1483365120
1483365135
1483365155
1483365175
1483365220
1483365230
1483365291
1483365301
1483365306
1483365311
1483365331
1483365341
1483365381
1483365406
1483365426
1483365437
1483365446
1483365466
1483365471
1483365471
1483365476
1483365501
1483365536
1483365551
1483365557
1483365571
1483365606
1483365611
1483365611
1483365651
1483365656
1483365676
1483365681
1483365686
1483365711
1483365716
1483365726
1483365731
1483365736
1483365786
1483365811
1483365826
1483365826
1483365856
1483365891
1483365896
1483365896
1483365908
1483365976
1483365981
1483366066
1483366081
1483366100
1483366101
1483366105
1483366126
1483366136
1483366151
1483366171
1483366201
1483366221
1483366251
1483366296
1483366301
1483366301
1483366316
1483366376
1483366406
1483366421
1483366431
1483366456
1483366481
1483366506
1483366511
1483366521
1483366526
1483366526
1483366531
1483366551
1483366556
1483366571
1483366591
1483366596
1483366606
1483366636
1483366661
1483366676
1483366701
1483366706
1483366711
1483366731
1483366742
1483366757
1483366762
1483366787
1483366792
1483366807
1483366847
1483366862
1483366927
1483366927
1483366937
1483366992
1483367022
1483367072
1483367072
1483367137
1483367137
1483367142
1483367142
1483367157
1483367167
1483367197
1483367217
1483367242
1483367242
1483367252
1483367257
1483367267
1483367302
1483367317
1483367352
1483367362
1483367382
1483367387
1483367387
1483367402
1483367437
1483367457
1483367467
1483367562
1483367577
1483367582
1483367597
1483367602
1483367632
1483367662
1483367672
1483367677
1483367687
1483367712
1483367717
1483367727
1483367737
1483367747
1483367757
1483367772
1483367772
1483367827
1483367892
1483367892
1483367897
1483367902
1483367902
1483367902
1483367907
1483367917
1483367957
1483367957
1483367977
1483367982
1483367987
1483368032
1483368052
1483368062
1483368107
1483368132
1483368157
1483368162
1483368172
1483368183
1483368187
1483368212
1483368217
1483368247
1483368288
1483368298
1483368344
1483368375
1483368398
1483368409
1483368418
1483368431
1483368443
1483368448
1483368468
1483368508
1483368508
1483368551
1483368553
1483368558
1483368573
1483368583
1483368603
1483368608
1483368623
1483368628
1483368643
1483368703
1483368708
1483368723
1483368738
1483368753
1483368773
1483368798
1483368803
1483368818
1483368838
1483368848
1483368868
1483368893
1483368938
1483368953
1483369038
1483369078
1483369083
1483369083
1483369098
1483369099
1483369108
1483369123
1483369123
1483369138
1483369147
1483369148
1483369168
1483369169
1483369172
1483369193
1483369198
1483369228
1483369244
1483369248
1483369263
1483369278
1483369313
1483369338
1483369338
1483369348
1483369348
1483369363
1483369368
1483369413
1483369413
1483369413
1483369458
1483369478
1483369483
1483369483
1483369493
1483369493
1483369503
1483369508
1483369513
1483369518
1483369543
1483369578
1483369585
1483369598
1483369598
1483369598
1483369633
1483369643
1483369663
1483369689
1483369694
1483369704
1483369754
1483369764
1483369769
1483369774
1483369784
1483369804
1483369859
1483369874
1483369884
1483369888
1483369889
1483369899
1483369899
1483369929
1483369949
1483369959
1483369984
1483369984
1483369999
1483370114
1483370129
1483370169
1483370174
1483370184
1483370234
1483370234
1483370269
1483370344
1483370354
1483370394
1483370404
1483370409
1483370424
1483370439
1483370509
1483370534
1483370589
1483370614
1483370619
1483370649
1483370684
1483370709
1483370774
1483370779
1483370784
1483370819
1483370844
1483370844
1483370859
1483370868
1483370874
1483370892
1483370894
1483370919
1483370939
1483370974
1483370984
1483371004
1483371009
1483371019
1483371019
1483371100
1483371100
1483371125
1483371130
1483371150
1483371150
1483371180
1483371195
1483371240
1483371265
1483371315
1483371320
1483371325
1483371330
1483371420
1483371515
1483371515
1483371530
1483371540
1483371550
1483371580
1483371590
1483371605
1483371605
1483371615
1483371625
1483371655
1483371690
1483371705
1483371760
1483371780
1483371785
1483371795
1483371815
1483371835
1483371840
1483371860
1483371865
1483371930
1483371990
1483371995
1483371995
1483372040
1483372055
1483372085
1483372085
1483372085
1483372095
1483372115
1483372140
1483372200
1483372200
1483372200
1483372210
1483372235
1483372240
1483372240
1483372335
1483372410
1483372460
1483372541
1483372541
1483372571
1483372595
1483372618
1483372646
1483372671
1483372676
1483372676
1483372686
1483372696
1483372721
1483372751
1483372766
1483372821
1483372831
1483372856
1483372901
1483372916
1483372951
1483372976
1483373026
1483373051
1483373084
1483373121
1483373131
1483373146
1483373186
1483373186
1483373186
1483373231
1483373243
1483373246
1483373251
1483373271
1483373301
1483373326
1483373341
1483373366
1483373406
1483373421
1483373431
1483373456
1483373471
1483373511
1483373516
1483373581
1483373581
1483373596
1483373643
1483373671
1483373726
1483373726
1483373771
1483373881
1483373887
1483373892
1483373896
1483373902
1483373917
1483373922
1483373967
1483373977
1483373987
1483374112
1483374146
1483374202
1483374222
1483374242
1483374267
1483374282
1483374367
1483374390
1483374427
1483374562
1483374567
1483374582
1483374622
1483374622
1483374627
1483374632
1483374652
1483374672
1483374722
1483374767
1483374822
1483374852
1483374887
1483374902
1483374907
1483375032
1483375047
1483375112
1483375122
1483375122
1483375142
1483375147
1483375258
1483375328
1483375338
1483375398
1483375423
1483375423
1483375488
1483375558
1483375563
1483375568
1483375578
1483375583
1483375608
1483375643
1483375643
1483375658
1483375698
1483375788
1483375933
1483375948
1483375993
1483376073
1483376113
1483376118
1483376163
1483376198
1483376218
1483376238
1483376243
1483376244
1483376258
1483376293
1483376383
